# index real imag
   0         1000            0
   1          999           43
   2          996           86
   3          992          128
   4          985          171
   5          977          213
   6          967          255
   7          955          296
   8          942          337
   9          926          377
  10          909          416
  11          890          455
  12          870          493
  13          848          530
  14          825          566
  15          800          601
  16          773          634
  17          745          667
  18          716          698
  19          685          728
  20          653          757
  21          620          785
  22          586          810
  23          550          835
  24          514          858
  25          477          879
  26          439          899
  27          400          917
  28          360          933
  29          320          948
  30          279          960
  31          237          972
  32          195          981
  33          153          988
  34          110          994
  35           67          998
  36           25         1000
  37          -18         1000
  38          -61          998
  39         -104          995
  40         -147          989
  41         -189          982
  42         -231          973
  43         -273          962
  44         -314          950
  45         -354          935
  46         -394          919
  47         -433          901
  48         -471          882
  49         -509          861
  50         -545          838
  51         -581          814
  52         -615          788
  53         -649          761
  54         -681          733
  55         -711          703
  56         -741          672
  57         -769          639
  58         -796          606
  59         -821          571
  60         -845          535
  61         -867          498
  62         -888          461
  63         -907          422
  64         -924          383
  65         -939          343
  66         -953          302
  67         -965          261
  68         -976          219
  69         -984          177
  70         -991          135
  71         -996           92
  72         -999           49
  73        -1000            6
  74         -999          -37
  75         -997          -80
  76         -992         -122
  77         -986         -165
  78         -978         -207
  79         -969         -249
  80         -957         -290
  81         -944         -331
  82         -929         -371
  83         -912         -411
  84         -893         -450
  85         -873         -488
  86         -851         -525
  87         -828         -561
  88         -803         -596
  89         -777         -630
  90         -749         -662
  91         -720         -694
  92         -690         -724
  93         -658         -753
  94         -625         -781
  95         -591         -807
  96         -556         -831
  97         -519         -855
  98         -482         -876
  99         -444         -896
 100         -405         -914
 101         -366         -931
 102         -325         -946
 103         -284         -959
 104         -243         -970
 105         -201         -980
 106         -159         -987
 107         -116         -993
 108          -74         -997
 109          -31        -1000
 110           12        -1000
 111           55         -998
 112           98         -995
 113          141         -990
 114          183         -983
 115          225         -974
 116          267         -964
 117          308         -951
 118          348         -937
 119          388         -922
 120          428         -904
 121          466         -885
 122          504         -864
 123          540         -842
 124          576         -818
 125          610         -792
 126          644         -765
 127          676         -737
 128          707         -707
 129          737         -676
 130          765         -644
 131          792         -610
 132          818         -576
 133          842         -540
 134          864         -504
 135          885         -466
 136          904         -428
 137          922         -388
 138          937         -348
 139          951         -308
 140          964         -267
 141          974         -225
 142          983         -183
 143          990         -141
 144          995          -98
 145          998          -55
 146         1000          -12
 147         1000           31
 148          997           74
 149          993          116
 150          987          159
 151          980          201
 152          970          243
 153          959          284
 154          946          325
 155          931          366
 156          914          405
 157          896          444
 158          876          482
 159          855          519
 160          831          556
 161          807          591
 162          781          625
 163          753          658
 164          724          690
 165          694          720
 166          662          749
 167          630          777
 168          596          803
 169          561          828
 170          525          851
 171          488          873
 172          450          893
 173          411          912
 174          371          929
 175          331          944
 176          290          957
 177          249          969
 178          207          978
 179          165          986
 180          122          992
 181           80          997
 182           37          999
 183           -6         1000
 184          -49          999
 185          -92          996
 186         -135          991
 187         -177          984
 188         -219          976
 189         -261          965
 190         -302          953
 191         -343          939
 192         -383          924
 193         -422          907
 194         -461          888
 195         -498          867
 196         -535          845
 197         -571          821
 198         -606          796
 199         -639          769
 200         -672          741
 201         -703          711
 202         -733          681
 203         -761          649
 204         -788          615
 205         -814          581
 206         -838          545
 207         -861          509
 208         -882          471
 209         -901          433
 210         -919          394
 211         -935          354
 212         -950          314
 213         -962          273
 214         -973          231
 215         -982          189
 216         -989          147
 217         -995          104
 218         -998           61
 219        -1000           18
 220        -1000          -25
 221         -998          -67
 222         -994         -110
 223         -988         -153
 224         -981         -195
 225         -972         -237
 226         -960         -279
 227         -948         -320
 228         -933         -360
 229         -917         -400
 230         -899         -439
 231         -879         -477
 232         -858         -514
 233         -835         -550
 234         -810         -586
 235         -785         -620
 236         -757         -653
 237         -728         -685
 238         -698         -716
 239         -667         -745
 240         -634         -773
 241         -601         -800
 242         -566         -825
 243         -530         -848
 244         -493         -870
 245         -455         -890
 246         -416         -909
 247         -377         -926
 248         -337         -942
 249         -296         -955
 250         -255         -967
 251         -213         -977
 252         -171         -985
 253         -128         -992
 254          -86         -996
 255          -43         -999
 256            0        -1000
 257           43         -999
 258           86         -996
 259          128         -992
 260          171         -985
 261          213         -977
 262          255         -967
 263          296         -955
 264          337         -942
 265          377         -926
 266          416         -909
 267          455         -890
 268          493         -870
 269          530         -848
 270          566         -825
 271          601         -800
 272          634         -773
 273          667         -745
 274          698         -716
 275          728         -685
 276          757         -653
 277          785         -620
 278          810         -586
 279          835         -550
 280          858         -514
 281          879         -477
 282          899         -439
 283          917         -400
 284          933         -360
 285          948         -320
 286          960         -279
 287          972         -237
 288          981         -195
 289          988         -153
 290          994         -110
 291          998          -67
 292         1000          -25
 293         1000           18
 294          998           61
 295          995          104
 296          989          147
 297          982          189
 298          973          231
 299          962          273
 300          950          314
 301          935          354
 302          919          394
 303          901          433
 304          882          471
 305          861          509
 306          838          545
 307          814          581
 308          788          615
 309          761          649
 310          733          681
 311          703          711
 312          672          741
 313          639          769
 314          606          796
 315          571          821
 316          535          845
 317          498          867
 318          461          888
 319          422          907
 320          383          924
 321          343          939
 322          302          953
 323          261          965
 324          219          976
 325          177          984
 326          135          991
 327           92          996
 328           49          999
 329            6         1000
 330          -37          999
 331          -80          997
 332         -122          992
 333         -165          986
 334         -207          978
 335         -249          969
 336         -290          957
 337         -331          944
 338         -371          929
 339         -411          912
 340         -450          893
 341         -488          873
 342         -525          851
 343         -561          828
 344         -596          803
 345         -630          777
 346         -662          749
 347         -694          720
 348         -724          690
 349         -753          658
 350         -781          625
 351         -807          591
 352         -831          556
 353         -855          519
 354         -876          482
 355         -896          444
 356         -914          405
 357         -931          366
 358         -946          325
 359         -959          284
 360         -970          243
 361         -980          201
 362         -987          159
 363         -993          116
 364         -997           74
 365        -1000           31
 366        -1000          -12
 367         -998          -55
 368         -995          -98
 369         -990         -141
 370         -983         -183
 371         -974         -225
 372         -964         -267
 373         -951         -308
 374         -937         -348
 375         -922         -388
 376         -904         -428
 377         -885         -466
 378         -864         -504
 379         -842         -540
 380         -818         -576
 381         -792         -610
 382         -765         -644
 383         -737         -676
 384         -707         -707
 385         -676         -737
 386         -644         -765
 387         -610         -792
 388         -576         -818
 389         -540         -842
 390         -504         -864
 391         -466         -885
 392         -428         -904
 393         -388         -922
 394         -348         -937
 395         -308         -951
 396         -267         -964
 397         -225         -974
 398         -183         -983
 399         -141         -990
 400          -98         -995
 401          -55         -998
 402          -12        -1000
 403           31        -1000
 404           74         -997
 405          116         -993
 406          159         -987
 407          201         -980
 408          243         -970
 409          284         -959
 410          325         -946
 411          366         -931
 412          405         -914
 413          444         -896
 414          482         -876
 415          519         -855
 416          556         -831
 417          591         -807
 418          625         -781
 419          658         -753
 420          690         -724
 421          720         -694
 422          749         -662
 423          777         -630
 424          803         -596
 425          828         -561
 426          851         -525
 427          873         -488
 428          893         -450
 429          912         -411
 430          929         -371
 431          944         -331
 432          957         -290
 433          969         -249
 434          978         -207
 435          986         -165
 436          992         -122
 437          997          -80
 438          999          -37
 439         1000            6
 440          999           49
 441          996           92
 442          991          135
 443          984          177
 444          976          219
 445          965          261
 446          953          302
 447          939          343
 448          924          383
 449          907          422
 450          888          461
 451          867          498
 452          845          535
 453          821          571
 454          796          606
 455          769          639
 456          741          672
 457          711          703
 458          681          733
 459          649          761
 460          615          788
 461          581          814
 462          545          838
 463          509          861
 464          471          882
 465          433          901
 466          394          919
 467          354          935
 468          314          950
 469          273          962
 470          231          973
 471          189          982
 472          147          989
 473          104          995
 474           61          998
 475           18         1000
 476          -25         1000
 477          -67          998
 478         -110          994
 479         -153          988
 480         -195          981
 481         -237          972
 482         -279          960
 483         -320          948
 484         -360          933
 485         -400          917
 486         -439          899
 487         -477          879
 488         -514          858
 489         -550          835
 490         -586          810
 491         -620          785
 492         -653          757
 493         -685          728
 494         -716          698
 495         -745          667
 496         -773          634
 497         -800          601
 498         -825          566
 499         -848          530
 500         -870          493
 501         -890          455
 502         -909          416
 503         -926          377
 504         -942          337
 505         -955          296
 506         -967          255
 507         -977          213
 508         -985          171
 509         -992          128
 510         -996           86
 511         -999           43
 512        -1000            0
 513         -999          -43
 514         -996          -86
 515         -992         -128
 516         -985         -171
 517         -977         -213
 518         -967         -255
 519         -955         -296
 520         -942         -337
 521         -926         -377
 522         -909         -416
 523         -890         -455
 524         -870         -493
 525         -848         -530
 526         -825         -566
 527         -800         -601
 528         -773         -634
 529         -745         -667
 530         -716         -698
 531         -685         -728
 532         -653         -757
 533         -620         -785
 534         -586         -810
 535         -550         -835
 536         -514         -858
 537         -477         -879
 538         -439         -899
 539         -400         -917
 540         -360         -933
 541         -320         -948
 542         -279         -960
 543         -237         -972
 544         -195         -981
 545         -153         -988
 546         -110         -994
 547          -67         -998
 548          -25        -1000
 549           18        -1000
 550           61         -998
 551          104         -995
 552          147         -989
 553          189         -982
 554          231         -973
 555          273         -962
 556          314         -950
 557          354         -935
 558          394         -919
 559          433         -901
 560          471         -882
 561          509         -861
 562          545         -838
 563          581         -814
 564          615         -788
 565          649         -761
 566          681         -733
 567          711         -703
 568          741         -672
 569          769         -639
 570          796         -606
 571          821         -571
 572          845         -535
 573          867         -498
 574          888         -461
 575          907         -422
 576          924         -383
 577          939         -343
 578          953         -302
 579          965         -261
 580          976         -219
 581          984         -177
 582          991         -135
 583          996          -92
 584          999          -49
 585         1000           -6
 586          999           37
 587          997           80
 588          992          122
 589          986          165
 590          978          207
 591          969          249
 592          957          290
 593          944          331
 594          929          371
 595          912          411
 596          893          450
 597          873          488
 598          851          525
 599          828          561
 600          803          596
 601          777          630
 602          749          662
 603          720          694
 604          690          724
 605          658          753
 606          625          781
 607          591          807
 608          556          831
 609          519          855
 610          482          876
 611          444          896
 612          405          914
 613          366          931
 614          325          946
 615          284          959
 616          243          970
 617          201          980
 618          159          987
 619          116          993
 620           74          997
 621           31         1000
 622          -12         1000
 623          -55          998
 624          -98          995
 625         -141          990
 626         -183          983
 627         -225          974
 628         -267          964
 629         -308          951
 630         -348          937
 631         -388          922
 632         -428          904
 633         -466          885
 634         -504          864
 635         -540          842
 636         -576          818
 637         -610          792
 638         -644          765
 639         -676          737
 640         -707          707
 641         -737          676
 642         -765          644
 643         -792          610
 644         -818          576
 645         -842          540
 646         -864          504
 647         -885          466
 648         -904          428
 649         -922          388
 650         -937          348
 651         -951          308
 652         -964          267
 653         -974          225
 654         -983          183
 655         -990          141
 656         -995           98
 657         -998           55
 658        -1000           12
 659        -1000          -31
 660         -997          -74
 661         -993         -116
 662         -987         -159
 663         -980         -201
 664         -970         -243
 665         -959         -284
 666         -946         -325
 667         -931         -366
 668         -914         -405
 669         -896         -444
 670         -876         -482
 671         -855         -519
 672         -831         -556
 673         -807         -591
 674         -781         -625
 675         -753         -658
 676         -724         -690
 677         -694         -720
 678         -662         -749
 679         -630         -777
 680         -596         -803
 681         -561         -828
 682         -525         -851
 683         -488         -873
 684         -450         -893
 685         -411         -912
 686         -371         -929
 687         -331         -944
 688         -290         -957
 689         -249         -969
 690         -207         -978
 691         -165         -986
 692         -122         -992
 693          -80         -997
 694          -37         -999
 695            6        -1000
 696           49         -999
 697           92         -996
 698          135         -991
 699          177         -984
 700          219         -976
 701          261         -965
 702          302         -953
 703          343         -939
 704          383         -924
 705          422         -907
 706          461         -888
 707          498         -867
 708          535         -845
 709          571         -821
 710          606         -796
 711          639         -769
 712          672         -741
 713          703         -711
 714          733         -681
 715          761         -649
 716          788         -615
 717          814         -581
 718          838         -545
 719          861         -509
 720          882         -471
 721          901         -433
 722          919         -394
 723          935         -354
 724          950         -314
 725          962         -273
 726          973         -231
 727          982         -189
 728          989         -147
 729          995         -104
 730          998          -61
 731         1000          -18
 732         1000           25
 733          998           67
 734          994          110
 735          988          153
 736          981          195
 737          972          237
 738          960          279
 739          948          320
 740          933          360
 741          917          400
 742          899          439
 743          879          477
 744          858          514
 745          835          550
 746          810          586
 747          785          620
 748          757          653
 749          728          685
 750          698          716
 751          667          745
 752          634          773
 753          601          800
 754          566          825
 755          530          848
 756          493          870
 757          455          890
 758          416          909
 759          377          926
 760          337          942
 761          296          955
 762          255          967
 763          213          977
 764          171          985
 765          128          992
 766           86          996
 767           43          999
 768            0         1000
 769          -43          999
 770          -86          996
 771         -128          992
 772         -171          985
 773         -213          977
 774         -255          967
 775         -296          955
 776         -337          942
 777         -377          926
 778         -416          909
 779         -455          890
 780         -493          870
 781         -530          848
 782         -566          825
 783         -601          800
 784         -634          773
 785         -667          745
 786         -698          716
 787         -728          685
 788         -757          653
 789         -785          620
 790         -810          586
 791         -835          550
 792         -858          514
 793         -879          477
 794         -899          439
 795         -917          400
 796         -933          360
 797         -948          320
 798         -960          279
 799         -972          237
 800         -981          195
 801         -988          153
 802         -994          110
 803         -998           67
 804        -1000           25
 805        -1000          -18
 806         -998          -61
 807         -995         -104
 808         -989         -147
 809         -982         -189
 810         -973         -231
 811         -962         -273
 812         -950         -314
 813         -935         -354
 814         -919         -394
 815         -901         -433
 816         -882         -471
 817         -861         -509
 818         -838         -545
 819         -814         -581
 820         -788         -615
 821         -761         -649
 822         -733         -681
 823         -703         -711
 824         -672         -741
 825         -639         -769
 826         -606         -796
 827         -571         -821
 828         -535         -845
 829         -498         -867
 830         -461         -888
 831         -422         -907
 832         -383         -924
 833         -343         -939
 834         -302         -953
 835         -261         -965
 836         -219         -976
 837         -177         -984
 838         -135         -991
 839          -92         -996
 840          -49         -999
 841           -6        -1000
 842           37         -999
 843           80         -997
 844          122         -992
 845          165         -986
 846          207         -978
 847          249         -969
 848          290         -957
 849          331         -944
 850          371         -929
 851          411         -912
 852          450         -893
 853          488         -873
 854          525         -851
 855          561         -828
 856          596         -803
 857          630         -777
 858          662         -749
 859          694         -720
 860          724         -690
 861          753         -658
 862          781         -625
 863          807         -591
 864          831         -556
 865          855         -519
 866          876         -482
 867          896         -444
 868          914         -405
 869          931         -366
 870          946         -325
 871          959         -284
 872          970         -243
 873          980         -201
 874          987         -159
 875          993         -116
 876          997          -74
 877         1000          -31
 878         1000           12
 879          998           55
 880          995           98
 881          990          141
 882          983          183
 883          974          225
 884          964          267
 885          951          308
 886          937          348
 887          922          388
 888          904          428
 889          885          466
 890          864          504
 891          842          540
 892          818          576
 893          792          610
 894          765          644
 895          737          676
 896          707          707
 897          676          737
 898          644          765
 899          610          792
 900          576          818
 901          540          842
 902          504          864
 903          466          885
 904          428          904
 905          388          922
 906          348          937
 907          308          951
 908          267          964
 909          225          974
 910          183          983
 911          141          990
 912           98          995
 913           55          998
 914           12         1000
 915          -31         1000
 916          -74          997
 917         -116          993
 918         -159          987
 919         -201          980
 920         -243          970
 921         -284          959
 922         -325          946
 923         -366          931
 924         -405          914
 925         -444          896
 926         -482          876
 927         -519          855
 928         -556          831
 929         -591          807
 930         -625          781
 931         -658          753
 932         -690          724
 933         -720          694
 934         -749          662
 935         -777          630
 936         -803          596
 937         -828          561
 938         -851          525
 939         -873          488
 940         -893          450
 941         -912          411
 942         -929          371
 943         -944          331
 944         -957          290
 945         -969          249
 946         -978          207
 947         -986          165
 948         -992          122
 949         -997           80
 950         -999           37
 951        -1000           -6
 952         -999          -49
 953         -996          -92
 954         -991         -135
 955         -984         -177
 956         -976         -219
 957         -965         -261
 958         -953         -302
 959         -939         -343
 960         -924         -383
 961         -907         -422
 962         -888         -461
 963         -867         -498
 964         -845         -535
 965         -821         -571
 966         -796         -606
 967         -769         -639
 968         -741         -672
 969         -711         -703
 970         -681         -733
 971         -649         -761
 972         -615         -788
 973         -581         -814
 974         -545         -838
 975         -509         -861
 976         -471         -882
 977         -433         -901
 978         -394         -919
 979         -354         -935
 980         -314         -950
 981         -273         -962
 982         -231         -973
 983         -189         -982
 984         -147         -989
 985         -104         -995
 986          -61         -998
 987          -18        -1000
 988           25        -1000
 989           67         -998
 990          110         -994
 991          153         -988
 992          195         -981
 993          237         -972
 994          279         -960
 995          320         -948
 996          360         -933
 997          400         -917
 998          439         -899
 999          477         -879
1000          514         -858
1001          550         -835
1002          586         -810
1003          620         -785
1004          653         -757
1005          685         -728
1006          716         -698
1007          745         -667
1008          773         -634
1009          800         -601
1010          825         -566
1011          848         -530
1012          870         -493
1013          890         -455
1014          909         -416
1015          926         -377
1016          942         -337
1017          955         -296
1018          967         -255
1019          977         -213
1020          985         -171
1021          992         -128
1022          996          -86
1023          999          -43
