# index real imag
   0         2802         -740
   1          445          463
   2          539         1167
   3          311          276
   4          166         -553
   5         -504         1494
   6          281        -1020
   7          678          262
   8         -707         -909
   9         -749         -784
  10          -66         -527
  11         -195          179
  12         1235          313
  13          382         -648
  14         1195         -945
  15         1178         -338
  16          805        -1724
  17        -2368          993
  18         1083         -451
  19          -80          672
  20         1144          929
  21         2138           91
  22        -1145        -1118
  23         -812         -203
  24         1561        -1298
  25          -37          872
  26          345         1258
  27        -1852        -1752
  28         -780         -473
  29          423        -1911
  30           67         -493
  31          748          372
  32        -3046          596
  33          -77          760
  34         1044          829
  35        -1206        -2105
  36         2250         -305
  37          236         2164
  38        -1501         1376
  39         -155          661
  40           68        -2065
  41        -1132        -1152
  42         -327          658
  43           49          806
  44         1007         -310
  45         1502          862
  46          835          619
  47         -549         -343
  48         -226        -2409
  49         1612         -784
  50          717           31
  51         2392        -1977
  52        -1298          843
  53          573         2220
  54          272         -888
  55        -1516        -1161
  56          133         1218
  57          129        -2116
  58          -89        -1286
  59          370        -1371
  60        -1638          643
  61          876         -772
  62         -832         1770
  63        -2247           46
  64          564         -850
  65        -1697         -836
  66         -487        -1728
  67         -470         1992
  68         1475         1058
  69         1162        -2415
  70          420         -749
  71        -2111        -1034
  72         2294          529
  73           85         -935
  74         1923        -2772
  75         -187         -389
  76        -1845         1419
  77        -2874         -904
  78         2226          -52
  79          681         -270
  80          839         1716
  81         -470           -8
  82        -1135         1310
  83          611         -665
  84         -513         2144
  85         1270         1638
  86        -1898        -2221
  87         -874         -275
  88          369         -178
  89         1682         1318
  90          295         -558
  91          199         1485
  92         2533         -285
  93         -351          239
  94         -538         -778
  95         -348        -1483
  96          317         -304
  97         -337         1041
  98         2343          972
  99         1707         2050
 100         -350           80
 101         1926        -3810
 102         2695         1093
 103        -1877         1130
 104         -704        -1609
 105           22        -1215
 106          144         1173
 107         1459         1068
 108        -1803        -1175
 109        -1084          418
 110         -329         1391
 111          578         -277
 112          528          981
 113         1024         -238
 114        -1590          726
 115          827         3382
 116         -429        -1140
 117         -302          262
 118        -1004        -1980
 119        -1005           47
 120        -1166          263
 121          421        -1723
 122          803         1918
 123         -100         -842
 124        -1087         1186
 125         -520          531
 126         -413        -1204
 127          486          941
 128        -1131         -148
 129        -1272          774
 130         -371          206
 131         1619         -888
 132        -1740         -298
 133          627         -565
 134         -123         -233
 135         -951         1415
 136          148         1256
 137         -307        -1522
 138         -948         -268
 139          242          299
 140         1201        -1178
 141        -1163           25
 142         -324        -1625
 143          375         -866
 144          645         -133
 145          517        -2088
 146           36         -794
 147          607         -251
 148          893        -1669
 149         1883           38
 150        -1559        -1857
 151         -868          139
 152         -159        -1299
 153         -843         1041
 154          472         1787
 155          667          162
 156         -423        -1004
 157          812        -1461
 158          393          468
 159        -1473        -1446
 160         1238         1095
 161          138         1143
 162         1266         -863
 163         -653          522
 164        -1156         1286
 165          518         1582
 166         1065         -758
 167         2006        -1593
 168          -31         1142
 169        -1877         -481
 170         1435         -578
 171         -141          112
 172         -259          150
 173         1097         -606
 174        -2376         1282
 175        -1863        -1272
 176         3760          817
 177          543         -384
 178         -844         -577
 179          413          617
 180        -1292         -731
 181         1205         -965
 182         1344          569
 183         2231          550
 184         2048        -1026
 185         -207          885
 186          432         -546
 187          734          432
 188          841          730
 189         -407          970
 190         2935         1042
 191         -155        -1469
 192         -870        -1349
 193          146           41
 194         -512         -448
 195          -98        -1230
 196         1196           31
 197          -31         -433
 198           94         -522
 199          -54         1012
 200         1709        -1238
 201         1401         -653
 202         1797          364
 203         -303        -3290
 204        -1200        -1279
 205        -1079          264
 206         1638          748
 207         -977         -416
 208          126          -84
 209          452         2423
 210         1188          638
 211          352         -255
 212         -617         -858
 213         -468         1268
 214        -1145          669
 215          139          922
 216         1794         -509
 217         1297         2147
 218          248         2355
 219        -1421          628
 220         1124        -1078
 221          167         1198
 222         -980         -537
 223         1020          176
 224          666          -49
 225          451         1922
 226          671          663
 227          809         -724
 228        -1732         1962
 229        -1270         -354
 230        -1541         1055
 231         -349          360
 232        -1364        -1479
 233          109         -379
 234         2501         -622
 235         -142         2397
 236         -224          702
 237         1260          362
 238        -1598         -162
 239          546         -899
 240         2570          721
 241         -252        -1430
 242         -543          -32
 243         -355         -185
 244           87        -1898
 245          184          338
 246        -1715          852
 247         -166         1531
 248         1156          -22
 249         -748          890
 250        -1371         1073
 251          475          582
 252         -590          974
 253        -1538         -834
 254         -449          719
 255         1982          536
 256         -119         2194
 257        -1022           47
 258          665         -622
 259         -504         2463
 260          152          815
 261         -575          443
 262          889          567
 263         -452           58
 264         -497          280
 265        -1075        -1201
 266           97         2208
 267          439         1463
 268          363          314
 269          271         -239
 270         -427         -744
 271        -1910          195
 272          595          554
 273          369         3051
 274          446        -1437
 275          673         1546
 276         -867          221
 277          306          686
 278        -1397          854
 279        -1564         1694
 280          -75         -134
 281        -1193        -1872
 282         2709          707
 283         2761        -1433
 284          896          196
 285         1301         -128
 286         -240          504
 287         -439         -458
 288         1523        -1188
 289         2243          -38
 290         -256         -166
 291          146         -853
 292         1080          205
 293         -428        -1066
 294          208         -358
 295          317          332
 296          828        -4213
 297         -899         -832
 298         -162          119
 299         1448          898
 300         1044          114
 301         1023          575
 302         -747         1820
 303         -349        -1329
 304         -815          997
 305        -1790          887
 306         -941          -16
 307          493        -1330
 308          295          712
 309         1925        -2407
 310         -361         -121
 311         -810         -406
 312          803         1346
 313         -401          655
 314          878           92
 315         -290          153
 316          -94         -493
 317        -1109          716
 318         1008         -728
 319          212          679
 320         -624         1295
 321         -399           26
 322        -1345          332
 323        -1229         1215
 324         2756         -684
 325         -762          908
 326        -2213          343
 327        -3741          262
 328          695          721
 329        -1520         -304
 330         -232         2218
 331         1497         1276
 332         2197        -1441
 333          368          453
 334          -72         -281
 335        -1296         -770
 336          -95          768
 337        -1440          714
 338         -777        -1664
 339         1522          967
 340        -1716         2928
 341         -856          -33
 342          513         -202
 343          649          487
 344          981          140
 345          407        -1054
 346        -1184        -2330
 347          545        -1542
 348         1645        -1808
 349          729         1169
 350          375         -725
 351        -2655          648
 352        -2004         -793
 353            3        -1109
 354         1516         -931
 355        -1296        -2190
 356         -750          650
 357         -342        -1307
 358         1577          -66
 359        -1591         1084
 360         -134         1015
 361         1107         1913
 362         2231        -1100
 363         -300        -1250
 364          662          158
 365         2021         -236
 366          819          528
 367         -926         -813
 368         -231         2343
 369        -1071          -72
 370        -1373         -969
 371         -705         1337
 372          227        -2278
 373         2640          516
 374         -785         -151
 375         2358           -9
 376        -1674        -1097
 377         -979         1495
 378         1353        -1870
 379        -2240          164
 380         1444         1230
 381        -1222         -739
 382         -376         -389
 383        -1920         -944
 384          228         1046
 385         1084          208
 386         -620        -1230
 387        -1995         1188
 388          857        -1356
 389         -200         1511
 390           60         -311
 391        -1015          572
 392          221          -86
 393        -1591         -457
 394          578         1070
 395          740         -208
 396         -615         1947
 397          -41         -562
 398         -404         1208
 399         1460          393
 400        -2219          805
 401          352         -307
 402          898          355
 403        -1285          383
 404         1508         1408
 405          609           -2
 406         -365         1268
 407        -2121        -1312
 408         -158         1695
 409          564        -1125
 410         -927          -82
 411         -276         -793
 412         1248         1212
 413        -1619         -320
 414         1237          758
 415         -255         -150
 416         -138         -507
 417          560          470
 418          633          710
 419         -219         1731
 420        -1006          820
 421        -2256          845
 422          927          330
 423           -6        -2272
 424          832        -1710
 425        -1468          353
 426         3990         -918
 427           -8          459
 428          918        -1753
 429          -11        -2335
 430         -296         -206
 431         -756         -128
 432         -442         -401
 433         -415           -9
 434          271          769
 435          534          775
 436        -1234         -212
 437         2808           83
 438         -407         -144
 439        -1021         -296
 440         -752        -3611
 441        -1077         -596
 442          -31          652
 443         1514          740
 444        -1286        -1502
 445         -884          596
 446          722         -888
 447         -680          905
 448        -1071         1727
 449         -834          676
 450        -1331          947
 451         -410        -1960
 452          675          -61
 453         -315        -1278
 454         -994         -180
 455        -1561         2367
 456        -1340         -216
 457         -775          978
 458        -1012        -1357
 459          -62         -523
 460         -965         1385
 461          491         -434
 462          958        -1228
 463         -422         -503
 464         1953          881
 465         1086          602
 466        -1568        -1465
 467         1239         1396
 468         -365         1267
 469          810        -1009
 470         -116           18
 471         -527         -544
 472         -546          182
 473         1840         1023
 474        -1055        -1967
 475        -2097          661
 476        -1104          837
 477         -231         2248
 478           92          587
 479         -573         -239
 480          642        -1607
 481         -802          792
 482        -1572        -1046
 483         1090          -53
 484         3316          661
 485          127         -882
 486         1394         -826
 487         -121         -613
 488         1812         1332
 489          604         1439
 490         1004        -1716
 491         -473         1141
 492          491         -183
 493        -1049        -1219
 494        -1774         -167
 495          -81         -589
 496        -1354          287
 497          -78         1246
 498         -839           28
 499        -1860        -1762
 500         -417          801
 501         1692         1033
 502          135          600
 503          -32         2628
 504          401         -749
 505         -625        -2700
 506         -164        -1675
 507           32         -742
 508         -514         1133
 509          651         1949
 510         -776         1287
 511          382        -1359
 512          950         -396
 513         1485         -367
 514         -271         -414
 515          119          997
 516          999        -1202
 517         -340          710
 518         2005         -314
 519          764         1545
 520          699          167
 521        -1329         -235
 522         1508          324
 523          712           33
 524        -1225          -31
 525         1009          263
 526        -1179          593
 527         -506        -1263
 528         -348          615
 529         -383          844
 530         -859         1236
 531         -124        -2220
 532         -150         -315
 533        -1142           32
 534         1682         -122
 535          806          472
 536          -83           91
 537          131          885
 538          702         -560
 539          176        -1321
 540         -701         -305
 541         1276        -1559
 542         -387        -1611
 543        -1128         -197
 544          763           27
 545        -2019          714
 546          338         -218
 547         -285        -1305
 548          924        -1002
 549         -555         1218
 550        -2961          984
 551         -369         -164
 552          873         2349
 553         1447          633
 554          368          151
 555        -1944         1628
 556          729         1277
 557        -1684         1592
 558         -573          245
 559        -1181         1047
 560        -1387          -69
 561         -186          302
 562        -1413          -16
 563         -592        -1940
 564          855         -550
 565         -369         -830
 566         2002         -614
 567         -236        -1241
 568        -2666         1299
 569         1186         -231
 570         1722         2959
 571         -393         1768
 572        -1868         -167
 573         1849        -1060
 574            7          617
 575         1856        -1293
 576        -1258         -925
 577         -425         -681
 578        -1189         1930
 579         -228         -665
 580          -41          410
 581          558         -237
 582          308         -864
 583        -1227         -902
 584          -69          444
 585         -314        -1137
 586        -1811        -1158
 587         1474         -405
 588         1494         -142
 589        -1392        -1407
 590         1104         -734
 591         -392          457
 592         -374        -1481
 593         -120         2545
 594         1239          968
 595           12          518
 596         -624         1226
 597         1804         -403
 598          420        -1008
 599        -1352         2198
 600          983        -2944
 601         -412        -1078
 602        -2091           48
 603         1026          988
 604         1338          390
 605         -525           19
 606           79        -1267
 607         -537         -480
 608         -168         -872
 609         -671        -1024
 610         -697          731
 611         1343         1274
 612         -180         1284
 613          421         1399
 614        -1669          986
 615         1093         -245
 616        -1671          705
 617        -1096        -1343
 618         -475         -598
 619         1519        -1004
 620         1479        -2837
 621         -670        -1329
 622          786          339
 623         1027          330
 624           28        -2040
 625        -2230        -1566
 626           51         -661
 627        -1913         1469
 628          537         -689
 629         1083         -378
 630         -380          677
 631          953         -393
 632         -670        -1381
 633         -821          377
 634          -97        -1021
 635         -169         -301
 636        -2476        -1428
 637         -292         -439
 638         -124          979
 639        -1133         -777
 640         -612         -122
 641         1187           42
 642         1533          473
 643         -579        -1706
 644        -1447          703
 645          139        -1041
 646         1361           67
 647         -605        -1856
 648          295        -1404
 649         -535         -474
 650         -859         1049
 651          972          355
 652         -787         -669
 653           57         1670
 654         -889         1348
 655        -1193         1985
 656        -1663          489
 657        -1557         -215
 658         -721         -245
 659         -145         -500
 660          -65          787
 661           79         -277
 662         -443          879
 663         2026          163
 664         -312         1576
 665        -1523         1056
 666          514          970
 667         -826         -602
 668          500          -85
 669         -456          339
 670        -1302         -393
 671         -892           75
 672         -851         -240
 673         -913        -1063
 674          391         1188
 675          284          495
 676        -1826        -1498
 677        -1152         -432
 678        -1412         2370
 679        -2221        -2484
 680          445        -1719
 681          725         2540
 682         -847         -923
 683         -816          519
 684        -1306         -167
 685        -1138         -816
 686          332         1483
 687          -29           86
 688         -301        -1767
 689          569          136
 690          156         2166
 691          577        -1084
 692         1698        -2263
 693          456         -287
 694          600           43
 695         -767        -1060
 696         -741          264
 697         -219         1523
 698          307          -36
 699          206        -1704
 700         -132         -305
 701         -118         1052
 702         -555         -576
 703         1592          -48
 704          -23         1228
 705          -23        -2052
 706        -1709          979
 707         1504        -1996
 708        -1604         1786
 709          866         -155
 710         -361         -202
 711         -554          218
 712         -831        -1452
 713         -500          480
 714         -415        -1337
 715         -176           64
 716          882           96
 717        -1217          255
 718          714          969
 719         2283          921
 720          312         -334
 721         1048         2004
 722           14        -1037
 723        -1573         -450
 724         -977         1340
 725         -800          459
 726          843         1498
 727         2029        -1263
 728         -210        -1987
 729        -1540          220
 730         2023          710
 731        -2561        -1325
 732         1691        -2295
 733         1187         1398
 734         1036          194
 735         -843         1429
 736         -514         -250
 737        -1632         1946
 738         -185         -547
 739         -105         1024
 740         -601          605
 741          438        -1185
 742         1091         2189
 743          706         -205
 744          378          161
 745         -436         -506
 746         1148          667
 747          113        -2739
 748         1541         -594
 749          -21        -1087
 750         -611        -2645
 751        -2031         1333
 752         1276         1601
 753         -853          348
 754        -1462         1720
 755         -700        -1539
 756        -1606         -428
 757        -1044          -37
 758         -762         2040
 759         -733         -707
 760         -389         -986
 761          306          -50
 762          636         -498
 763         -806         1783
 764        -3148         1284
 765        -3582          927
 766        -1651         1025
 767         -583          792
 768         -122         2288
 769         1136         -406
 770         1166        -1649
 771        -1276          195
 772        -1427         1101
 773         -650         -514
 774         -862         -326
 775          629         -153
 776         -384          939
 777          424          765
 778         1288         -858
 779         1215         -960
 780         -639         -641
 781         -714         1330
 782         2212         1394
 783          158         -933
 784         -200         -681
 785          -76         1016
 786        -2464         2736
 787        -2699         -817
 788          761         -557
 789         -933          483
 790          640         -687
 791           92         1680
 792        -2038         -967
 793          475         -562
 794         1143         -491
 795         2403         -231
 796          481          481
 797        -1633         1666
 798         -205          731
 799         1062         1927
 800        -3326          205
 801          202         -437
 802        -1816          424
 803         -612         1790
 804          483         1412
 805         2385        -1263
 806          352         1225
 807        -1696          996
 808        -1339          422
 809         1373         -316
 810        -2422        -1058
 811          500         2048
 812        -2298         1470
 813         -169        -1730
 814          364        -2190
 815         -275          253
 816         2632         -628
 817        -2019         -897
 818         1843           22
 819          966         1379
 820        -2527          313
 821         1009          199
 822         1158         1530
 823        -1674          483
 824         1564         1023
 825          232          982
 826         -885         1935
 827         1003          270
 828        -1269         2576
 829          319         1705
 830          649          607
 831         1088         1085
 832        -1856           97
 833          673         -889
 834          260         -453
 835          232          572
 836           47          578
 837         -536         1572
 838          977         -592
 839        -1526         -683
 840        -2089         1352
 841          808         1637
 842          188          281
 843          534          586
 844          573           35
 845         1982         1540
 846         -763        -1761
 847          812         2147
 848          290        -1049
 849          249        -2500
 850        -1031        -1461
 851         2337        -1613
 852        -1706         -740
 853         -430          518
 854          932          447
 855         1210         1724
 856         -109        -1776
 857         -290         -249
 858         2458         -217
 859           84          343
 860        -1318         -551
 861        -1486         -500
 862         -722        -1364
 863          862          169
 864         -853        -1021
 865         -121         -546
 866         -295         -426
 867         -466         -770
 868        -1356         2136
 869          437         -200
 870          176         -141
 871          814          454
 872          300          455
 873        -1224          389
 874          641          395
 875         -213         -206
 876          784         -598
 877         1356         -173
 878         -551          618
 879        -2789          735
 880         -629          654
 881          303          745
 882        -1310         1547
 883           67          395
 884        -2122          644
 885           77         1286
 886        -1061        -1455
 887          323        -1239
 888          814        -1986
 889          -48         1947
 890         -694         -918
 891         1674          791
 892          663        -1342
 893         -141           88
 894          903        -1429
 895         1263         -680
 896         -377         -982
 897         -911         -807
 898        -1216         1226
 899         -827          465
 900         -658         -667
 901          -86         -202
 902         1601         1015
 903         -829          653
 904         2209          598
 905         -459          102
 906         -173         -187
 907         -973          164
 908          877          231
 909         -793         -689
 910          999         1073
 911         -933          429
 912          739         1199
 913         2272        -2148
 914          493        -3862
 915         1822          -19
 916        -1798         -429
 917         -838         3634
 918         1427         1528
 919        -1390         -911
 920        -2507        -1699
 921        -1951          -12
 922          923        -1102
 923          -68        -1081
 924          202          557
 925         1208         1408
 926          -98          531
 927        -1442          445
 928        -1719           54
 929         -331         1135
 930         -613        -1065
 931         -851         -764
 932        -1133         1570
 933           31         -713
 934         -309         -918
 935        -1203         -139
 936         -336         1836
 937        -1434        -1525
 938         1159         1438
 939          618         -841
 940         -154         -352
 941         1549         -108
 942         -280        -1511
 943         -595        -1620
 944          746         2215
 945         -181         -357
 946         1374         2092
 947         1255         1194
 948         2047           -3
 949          346         1136
 950        -1987         -742
 951         -833         -981
 952          -52          390
 953         1558           46
 954         -452         -176
 955         1342        -1610
 956          125          449
 957         -511         -587
 958         -249          -90
 959          321        -1593
 960          755          196
 961          494         1349
 962          400         -181
 963          705         -221
 964          257         -107
 965          -17          439
 966         1475        -1336
 967         2001          222
 968         1009        -1656
 969        -1797         -343
 970         1631         1935
 971         -490         -712
 972          988        -1034
 973         -615           95
 974         1134         1720
 975          918        -2647
 976          412        -1009
 977        -1622         1762
 978         -844         -517
 979         1198         -204
 980         2697          693
 981        -1562         -282
 982          178           72
 983        -1538          258
 984        -1305         -523
 985          579        -1611
 986        -1180          -35
 987         -641         -709
 988         -389         -662
 989         1210         1961
 990         3114          568
 991        -1303         2146
 992          157          542
 993        -1464         -248
 994         -712          191
 995        -1681         -135
 996        -1632         1121
 997          212          145
 998         1629         1594
 999        -1517          637
1000        -2394          473
1001         1756         -890
1002         1160         1168
1003         2145         1451
1004         -908        -3839
1005         1694           49
1006         1171         -860
1007         1296        -1333
1008          332         -854
1009         -220        -1562
1010         -272         -617
1011         -913        -1415
1012          708         2777
1013        -1799        -1216
1014          147          862
1015        -1782        -1140
1016        -1213        -1430
1017        -1420        -2084
1018         -684          211
1019        -1806         1439
1020        -1032          392
1021        -3563         -140
1022         2194          483
1023         -201         -172
