# index real imag
   0         -725          165
   1          735          643
   2          564         -871
   3         -478         -759
   4           14          558
   5          -80          -33
   6          334         -223
   7          615         -571
   8         -808           -1
   9         -942          829
  10          711         -202
  11         -114          244
  12          561          571
  13         -996          425
  14          -88         -455
  15          477          642
  16         -532          210
  17          935         -791
  18          846         -350
  19         -938         -955
  20         -948          330
  21          108         -982
  22          923          804
  23         -220          405
  24         -557          984
  25         -136          486
  26         -941           80
  27         -546          564
  28         -104          923
  29           15          132
  30         -523         -293
  31         -528          386
  32         -552          558
  33          -59          950
  34         -407          897
  35         -956         -148
  36          715          876
  37          139          888
  38          315         -796
  39         -620          288
  40          482          761
  41         -393         -753
  42          521         -319
  43          834          477
  44          993          456
  45           25          917
  46          980         -136
  47           39          699
  48          864          372
  49         -612         -379
  50         -419          203
  51          993          807
  52           22          733
  53          926           34
  54         -195          206
  55          747         -930
  56          -17         -503
  57          523          633
  58         -173         -152
  59          361         -646
  60         -249          123
  61          807          439
  62          588          381
  63          511         -233
  64         -823         -102
  65          359           41
  66         -779          594
  67         -665           66
  68          720         -195
  69         -242            2
  70          500         -940
  71          -39         -911
  72         -369          440
  73          737          259
  74          214          184
  75         -194          325
  76         -652         -655
  77           28         -536
  78         -975          578
  79         -592          105
  80          884          761
  81          122         -525
  82         -172           52
  83         -296          950
  84          735          183
  85         -277          -60
  86          863         -449
  87          350          122
  88          247          960
  89          493         -989
  90         -215          604
  91          755          680
  92          955          814
  93          921          516
  94           49          657
  95         -736           62
  96          592          149
  97         -580         -128
  98          945         -886
  99          -15          781
 100         -254          167
 101          135         -591
 102          927           33
 103         -154           -7
 104          665         -270
 105         -152         -292
 106         -997          102
 107          106          276
 108          610          254
 109         -322          -62
 110          228         -943
 111          647         -530
 112          301         -638
 113          127          196
 114         -630          763
 115         -813          635
 116          128          632
 117          743          672
 118          906         -478
 119         -934          723
 120          932          378
 121         -856         -830
 122          777         -966
 123          -73         -971
 124          544          547
 125         -425         -489
 126         -450         -776
 127          632          279
 128         -622         -295
 129         -406         -858
 130         -658         -674
 131         -478           80
 132          949         -656
 133          344         -442
 134          327          457
 135         -397          -69
 136          438         -341
 137           16          -30
 138         -767         -952
 139         -362         -209
 140         -297         -138
 141          630         -615
 142         -471         -778
 143         -481          842
 144          495           44
 145         1000         -572
 146          977          240
 147         -116          673
 148          997         -958
 149         -539         -964
 150         -187         -701
 151         -928          472
 152          965         -672
 153          -88          443
 154           36          388
 155         -127          115
 156          704         -549
 157         1000          998
 158          291          633
 159          423           57
 160          -77         -543
 161           72          328
 162         -938         -192
 163          382          179
 164          645         -343
 165          351          292
 166         -127         -880
 167          510         -389
 168         -743          982
 169         -566          793
 170         -903         -373
 171         -856          758
 172         -844         -365
 173          878          923
 174         -390          523
 175         -676         -148
 176          156         -484
 177         -733         -983
 178          148          799
 179          741         -923
 180          209          678
 181         -555          970
 182          844          167
 183          -57         -649
 184          695          777
 185          781          994
 186          597          441
 187          275           42
 188         -924         -226
 189         -590         -290
 190         -798         -579
 191          174          380
 192          836         -114
 193          211         -603
 194            8         -787
 195          920          363
 196         -202         -394
 197           32           23
 198         -965         -334
 199          253          785
 200         -177          842
 201         -424         -963
 202         -679         -589
 203          756         -329
 204          661          153
 205          602         -724
 206         -306         -121
 207         -564         -455
 208          381         -803
 209          715         -224
 210          909          121
 211         -296          872
 212          807          715
 213          407           94
 214           -8          572
 215           90         -520
 216         -867          485
 217         -918         -827
 218         -728         -653
 219         -659          865
 220          102         -564
 221         -452          554
 222         -320          229
 223           36          722
 224         -478         -247
 225         -307         -304
 226         -767         -404
 227         -519          776
 228          933          236
 229          596          954
 230          464          817
 231            1         -723
 232          187          128
 233          577         -787
 234         -344         -920
 235         -168         -851
 236         -222          773
 237          614         -699
 238          696         -744
 239         -302         -766
 240          259          203
 241          601          896
 242         -226         -844
 243          168          126
 244         -542          159
 245         -833          950
 246         -454         -253
 247          824         -395
 248          155           94
 249          894         -766
 250          -63          836
 251         -433         -780
 252          611         -907
 253          695         -395
 254         -975          256
 255          373         -971
 256         -813         -154
 257         -765          691
 258          812          617
 259         -919         -616
 260         -510          608
 261          201         -138
 262         -669         -764
 263          -77         -658
 264          394         -506
 265         -675          523
 266          730         -790
 267         -109          865
 268          975         -226
 269          651          987
 270          111          862
 271          675         -398
 272          126         -482
 273          457          -24
 274         -356         -795
 275         -575          335
 276         -350         -919
 277         -945         -979
 278          611          895
 279         -395          487
 280          221         -345
 281          -79         -199
 282         -359         -184
 283         -872         -869
 284          870         -351
 285          986          231
 286          986          -67
 287         -772         -488
 288         -560          607
 289          265          593
 290          825          111
 291          776          409
 292          -40          355
 293         -272         -470
 294         -625          109
 295         -575         -371
 296         -593         -496
 297         -262         -834
 298          679         -425
 299         -817          542
 300          -83         -815
 301          335          176
 302          317         -306
 303          926         -535
 304         -201          979
 305         -372         -916
 306         -330         -618
 307         -352          623
 308          734          185
 309          829          886
 310         -380         -497
 311         -316         -794
 312          114          252
 313          185          653
 314          220         -812
 315         -499         -550
 316         -959          655
 317         -501         -178
 318         -852         -452
 319          128          776
 320         -855          493
 321         -847         -956
 322          301         -980
 323         -405          537
 324          622         -265
 325           10          -40
 326          766          759
 327         -685         -794
 328           26          592
 329          628         -329
 330         -843           42
 331          944          362
 332         -646         -633
 333          589         -694
 334         -711          682
 335          772         -346
 336         -375         -782
 337          452           53
 338          709          882
 339          232         -399
 340         -742          830
 341         -577         -710
 342          117          864
 343          479         -935
 344          596         -353
 345          681          849
 346          276          646
 347          376          857
 348          132          721
 349          932          528
 350          412         -580
 351         -636         -388
 352         -114          100
 353         -677         -901
 354          463          765
 355          367         -494
 356         -483          592
 357         -869          396
 358          973          -86
 359          655         -120
 360          124         -488
 361          108         -101
 362          743          101
 363          -72         -978
 364         -190          712
 365         -307         -649
 366         -472           -6
 367         -951          624
 368          323          910
 369         -147          999
 370          168         -962
 371         -873          416
 372         -274          187
 373         -717          215
 374         -744         -717
 375         -470          697
 376         -433         -186
 377          155         -179
 378         -648          254
 379         -818         -522
 380           -5         -985
 381         -637           82
 382         -351           25
 383          828          328
 384          885         -103
 385          904          405
 386          308          497
 387         -538         -512
 388         -360           13
 389          406          -20
 390          958         -540
 391          459         -156
 392         -310          147
 393          251          857
 394          491          879
 395          338         -437
 396          991          323
 397         -551         -902
 398          887         -854
 399          563           47
 400          321          796
 401         -245         -674
 402           47          568
 403          622          808
 404         -583         -362
 405         -389          418
 406         -387          738
 407          131         -239
 408         -662          436
 409          436          508
 410          -49          217
 411         -826          753
 412         -748          836
 413          241          966
 414           52          169
 415         -228         -639
 416         -681         -487
 417         -127         -555
 418          928          166
 419          473          551
 420          602         -894
 421           13          395
 422         -194          468
 423          304         -288
 424         -214           54
 425          731         -663
 426          114          494
 427         -917           73
 428         -815          654
 429         -478          287
 430         -794         -453
 431          509          869
 432         -829          964
 433          996         -716
 434          984          588
 435          263          724
 436          980          351
 437          406          434
 438         -833          -89
 439          742          892
 440         -507          989
 441          742         -217
 442          925          643
 443          850         -114
 444         -187         -663
 445          863         -334
 446         -103         -742
 447          274          861
 448           -1          964
 449         -566         -756
 450         -117          230
 451           93         -164
 452          862         -759
 453          352         -395
 454         -432         -492
 455         -225          535
 456          145         -992
 457          965         -612
 458           82         -102
 459          185         -957
 460         -937          285
 461          992          240
 462         -504          710
 463         -467         -577
 464         -646         -417
 465         -697          110
 466         -590         -441
 467         -363          199
 468          551         -487
 469          704          399
 470          -86          620
 471          763          656
 472          751          993
 473         -656          116
 474         -269            5
 475         -140          752
 476         -751          575
 477         -573          168
 478          800         -216
 479         -581         -419
 480          660         -779
 481          851          653
 482         -951         -759
 483          165          530
 484         -973          116
 485         -393          976
 486          380          558
 487          483          993
 488          329         -721
 489         -847           24
 490         -235          172
 491          649         -363
 492         -105           30
 493          387         -270
 494          553           82
 495         -338         -999
 496         -747          -95
 497          470          -80
 498         -283         -376
 499          104         -183
 500         -305          603
 501          497          399
 502          170            8
 503         -769          326
 504          879         -227
 505         -217         -583
 506          140         -993
 507         -432          301
 508          225          479
 509          805          512
 510          698          491
 511           46         -593
 512          890          -55
 513          230          709
 514           58         -163
 515          919          525
 516          458         -375
 517          439         -652
 518          -80          269
 519          369           87
 520         -596         -264
 521           77         -993
 522          389         -203
 523          186         -128
 524          987         -171
 525         -312          763
 526          273          196
 527          995          502
 528          432          838
 529          981          533
 530         -862            9
 531          527         -493
 532          311          980
 533          328         -405
 534          289         -958
 535         -167          477
 536          288         -681
 537          297          595
 538          919         -187
 539          602         -447
 540          733         -636
 541          571         -850
 542          669          589
 543          239         -980
 544         -285          869
 545         -459          634
 546          450         -158
 547          789          402
 548          114         -379
 549         -689          -54
 550          705         -469
 551           -8         -653
 552          -44           45
 553         -908         -446
 554           45         -799
 555          525          209
 556         -135         -858
 557         -273         -863
 558          345          -94
 559         -960         -664
 560           38          454
 561          937         -669
 562          414         -810
 563         -177          302
 564          410         -436
 565          239         -377
 566         -573           81
 567         -575         -515
 568          814         -317
 569         -449         -860
 570         -847          431
 571          701          864
 572           71          349
 573         -246          -42
 574           47          142
 575          508         -899
 576         -655         -392
 577          337          505
 578          461          669
 579          139         -448
 580         -272          248
 581          515         -525
 582         -197          149
 583         -182         -648
 584          -10          617
 585         -469          775
 586          250         -325
 587          466         -545
 588         -471          973
 589          249          447
 590         -500          728
 591          353         -938
 592          744          841
 593          778          274
 594         -176         -352
 595          900         -116
 596          911          559
 597         -492          608
 598         -449         -612
 599         -852          281
 600          499         -661
 601          783          992
 602          186          -92
 603          190          870
 604          910          491
 605         -697          241
 606          936         -464
 607          -60           78
 608         -668         -717
 609          594         -718
 610          830          465
 611          -98         -261
 612         -366          538
 613         -180         -508
 614         -763          470
 615         -578          471
 616          395         -375
 617         -861         -783
 618         -534         -187
 619         -342            8
 620          901         -796
 621          956         -618
 622         -908         -887
 623          657          223
 624         -953          820
 625          540         -557
 626          399         -929
 627           12          441
 628           82          668
 629          482          974
 630          816          255
 631          -95         -299
 632          357          715
 633         -438         -759
 634          255          418
 635         -647         -805
 636         -546         -182
 637         -523           13
 638          -79         -227
 639          537         -655
 640          993         -526
 641         -518          679
 642         -420          -53
 643          120          187
 644         -203         -567
 645          -75          464
 646         -472         -324
 647           16          215
 648         -773          862
 649         -563         -839
 650         -906         -969
 651          633         -990
 652          756          -17
 653         -346          820
 654         -216          736
 655          188         -412
 656          881         -599
 657         -181         -673
 658          802          688
 659          553          323
 660         -689          625
 661          871         -938
 662         -969         -207
 663         -703          794
 664          361          111
 665         -884          156
 666         -223         -480
 667         -734         -838
 668          -53          335
 669          720         -379
 670          855         -971
 671         -928           99
 672         -876           75
 673          721         -736
 674         -913          911
 675         -440          599
 676         -760         -115
 677         -814         -611
 678         -944           23
 679          305         -734
 680          524         -429
 681          406          673
 682          731         -607
 683          357          -84
 684         -202         -325
 685          292         -452
 686          985         -468
 687          314          301
 688         -503         -498
 689         -877          204
 690          915          613
 691          209         -642
 692         -284         -123
 693          239          429
 694          147          307
 695           69          984
 696         -876          853
 697         -277          120
 698         -155          102
 699         -592          457
 700          802           98
 701         -132          883
 702          356         -857
 703          461         -453
 704          522          250
 705          476          991
 706          540         -852
 707         -485         -637
 708          999         -803
 709         -691         -880
 710          881         -584
 711          750         -124
 712          745         -909
 713         -892          304
 714         -814          868
 715          665           50
 716          -40           26
 717         -242         -797
 718         -360         -918
 719         -741           88
 720         -933          -93
 721          360         -738
 722          833         -191
 723          563          449
 724          840          806
 725          -87         -950
 726          508           74
 727         -448         -815
 728         -488          639
 729         -334         -825
 730         -382         -930
 731          760         -214
 732         -881          500
 733         -466         -359
 734          505         -734
 735         -467          627
 736         -222          652
 737         -761          752
 738          388         -378
 739         -808         -130
 740          723         -498
 741           29          141
 742         -580         -324
 743          890         -307
 744           43          604
 745         -200          958
 746          834          196
 747          -15         -786
 748         -735          336
 749          668          -82
 750           72          144
 751          473          728
 752          709          190
 753          436           65
 754           96         -939
 755          836          703
 756         -404          522
 757         -679         -591
 758         -242         -203
 759           67         -336
 760         -801         -162
 761         -293         -742
 762          177         -868
 763         -911         -385
 764          669          636
 765          333           92
 766         -358         -145
 767         -390         -348
 768         -278         -442
 769         -334          533
 770          532           65
 771           26         -983
 772           77         -751
 773         -696         -351
 774          872          488
 775         -334          607
 776         -330          173
 777         -860          -75
 778         -428          -18
 779          -70          869
 780         -255          899
 781          518          986
 782         -221          670
 783          821          895
 784         -840          888
 785          185          641
 786         -886         -725
 787         -901           72
 788            7          178
 789          747         -485
 790          605         -498
 791          439          175
 792          529         -307
 793         -260          929
 794          632          317
 795         -242         -176
 796         -371          -49
 797          225         -303
 798           89           39
 799         -657         -941
 800         -697         -488
 801          407         -548
 802          152         -727
 803          857         -770
 804         -622          569
 805         -159          923
 806          490          269
 807         -898          662
 808         -797          117
 809          395         -456
 810          463         -781
 811         -582         -465
 812         -864          294
 813          169           78
 814          312         -840
 815          751         -851
 816          626          742
 817         -555          317
 818          716         -645
 819           47          765
 820         -116         -956
 821          209         -247
 822          843          735
 823           -4          454
 824          653         -419
 825         -550          825
 826         -590          224
 827           10          772
 828          840          828
 829         -519         -129
 830          -74          383
 831         -249          115
 832          869          934
 833         -614          634
 834          -13          486
 835         -852          667
 836          721          999
 837         -475         -166
 838         -588         -984
 839          529           89
 840          577         -221
 841           53          794
 842           -3         -844
 843         -174          261
 844          807           44
 845          630          184
 846          197         -129
 847         -918         -280
 848          743          -62
 849         -987         -612
 850          967         -387
 851          425          415
 852          314         -989
 853          107         -755
 854          683         -381
 855           49          816
 856          529         -354
 857          988          590
 858          112          321
 859          171          129
 860         -422           76
 861         -158          110
 862          924          676
 863          898          952
 864           60         -164
 865          234          290
 866          190         -370
 867          -74         -382
 868         -732           36
 869          -91          200
 870         -713          126
 871          582         1000
 872          995         -667
 873         -483          303
 874         -981         -132
 875          507          354
 876          158         -926
 877         -246         -139
 878         -177         -424
 879          917          349
 880          833          538
 881          371         -963
 882          840         -815
 883          894         -816
 884          733         -991
 885         -215         -450
 886          -49         -444
 887          630          600
 888         -237          302
 889          534          745
 890          -15          574
 891         -311         -205
 892          -66          645
 893         -762          -10
 894         -274         -704
 895         -150         -697
 896         -963         -648
 897          667         -468
 898         -247          756
 899         -740          207
 900          610         -412
 901          944         -155
 902         -472          923
 903           52         -412
 904          514         -139
 905          415         -440
 906         -113         -313
 907          591          871
 908           -6         -559
 909          465          699
 910            6          944
 911          989         -177
 912          466         -130
 913         -813         -869
 914         -735         -578
 915          979         -694
 916         -531          495
 917         -947         -789
 918         -482         -682
 919          -18          586
 920          950         -798
 921         -183          330
 922          481         -617
 923          708         -994
 924         -818         -125
 925          253          955
 926         -896          125
 927         -553           94
 928         -136         -290
 929         -904          937
 930          334          985
 931          896         -789
 932          504          132
 933          390         -141
 934          709          375
 935          517         -758
 936         -457          401
 937         -430         -634
 938          -18          648
 939          624          442
 940          756         -903
 941          610         -562
 942          386          319
 943         -822          774
 944         -202         -747
 945          369          -84
 946         -398          396
 947           40           19
 948          853         -195
 949         -763          241
 950          748          -19
 951         -784         -695
 952         -209          256
 953          854          438
 954         -588         -658
 955           66         -473
 956         -147          522
 957          818          915
 958           99         -409
 959          779            8
 960          297          832
 961          659          115
 962          869         -561
 963          615          555
 964          277         -310
 965          763           -5
 966         -790         -983
 967          551          493
 968          346         -290
 969          896          812
 970          983          451
 971         -453         -885
 972          107          280
 973          -99         -386
 974          556          851
 975          725         -794
 976         -532           40
 977         -438         -447
 978          446         -496
 979         -157         -697
 980         -734         -476
 981         -601         -165
 982          148          290
 983          225          850
 984          966         -881
 985           91          708
 986          247           43
 987         -696          937
 988         -153         -447
 989         -427          -17
 990          424         -374
 991         -454            6
 992         -561           21
 993         -247          226
 994          -37         -506
 995         -307         -640
 996          240          554
 997         -629          513
 998          802          188
 999          421          -77
1000           95         -694
1001         -881           32
1002         -333           82
1003          413         -724
1004          321          559
1005          662          825
1006         -564         -355
1007          274           11
1008          -17         -325
1009         -758         -739
1010          817         -714
1011          430         -475
1012         -540         -820
1013          301          103
1014          697          439
1015         -898          153
1016         -648          402
1017         -763         -537
1018          153         -592
1019           30          162
1020          351          811
1021         -370         -136
1022         -329         -992
1023          584         -959
